Websuche-Interesse: myspace
Weltweit; Dez. 2007 - Dez. 2008

Interesse im Laufe der Zeit
Woche,myspace
2007-12-02 - 2007-12-08,87
2007-12-09 - 2007-12-15,84
2007-12-16 - 2007-12-22,87
2007-12-23 - 2007-12-29,100
2007-12-30 - 2008-01-05,95
2008-01-06 - 2008-01-12,79
2008-01-13 - 2008-01-19,82
2008-01-20 - 2008-01-26,81
2008-01-27 - 2008-02-02,82
2008-02-03 - 2008-02-09,82
2008-02-10 - 2008-02-16,83
2008-02-17 - 2008-02-23,82
2008-02-24 - 2008-03-01,80
2008-03-02 - 2008-03-08,83
2008-03-09 - 2008-03-15,80
2008-03-16 - 2008-03-22,82
2008-03-23 - 2008-03-29,81
2008-03-30 - 2008-04-05,82
2008-04-06 - 2008-04-12,81
2008-04-13 - 2008-04-19,80
2008-04-20 - 2008-04-26,79
2008-04-27 - 2008-05-03,79
2008-05-04 - 2008-05-10,80
2008-05-11 - 2008-05-17,79
2008-05-18 - 2008-05-24,77
2008-05-25 - 2008-05-31,79
2008-06-01 - 2008-06-07,82
2008-06-08 - 2008-06-14,82
2008-06-15 - 2008-06-21,86
2008-06-22 - 2008-06-28,85
2008-06-29 - 2008-07-05,83
2008-07-06 - 2008-07-12,84
2008-07-13 - 2008-07-19,84
2008-07-20 - 2008-07-26,85
2008-07-27 - 2008-08-02,91
2008-08-03 - 2008-08-09,83
2008-08-10 - 2008-08-16,85
2008-08-17 - 2008-08-23,83
2008-08-24 - 2008-08-30,82
2008-08-31 - 2008-09-06,82
2008-09-07 - 2008-09-13,80
2008-09-14 - 2008-09-20,80
2008-09-21 - 2008-09-27,79
2008-09-28 - 2008-10-04,80
2008-10-05 - 2008-10-11,75
2008-10-12 - 2008-10-18,77
2008-10-19 - 2008-10-25,75
2008-10-26 - 2008-11-01,74
2008-11-02 - 2008-11-08,75
2008-11-09 - 2008-11-15,73
2008-11-16 - 2008-11-22,72
2008-11-23 - 2008-11-29,75
2008-11-30 - 2008-12-06,70
2008-12-07 - 2008-12-13,72
2008-12-14 - 2008-12-20,71
2008-12-21 - 2008-12-27,80
2008-12-28 - 2009-01-03,86


Top-Regionen für: myspace
Region,myspace
Guam,100
Nördliche Marianen,66
Puerto Rico,54
Vereinigte Staaten,43
Aruba,38
Australien,34
Kaimaninseln,25
Malaysia,23
Vereinigtes Königreich,19
Amerikanische Jungferninseln,17
Jamaika,16
Färöer,15
Dominikanische Republik,15
Mexiko,15
Bahamas,14
Island,13
Serbien,11
Irak,10
Bermuda,10
Italien,9
Frankreich,9
Slowenien,8
Kroatien,8
Kolumbien,8
Österreich,7
Griechenland,7
Mazedonien,6
Barbados,6
Deutschland,6
Kanada,6
Irland,6
Trinidad und Tobago,6
Belgien,5
Spanien,5
Portugal,5
El Salvador,5
Venezuela,5
Finnland,4
Martinique,4
Schweden,4
Neuseeland,4
Bosnien und Herzegowina,4
Schweiz,4
Dänemark,4
Honduras,4
Philippinen,4
Réunion,3
Guatemala,3
Malta,3
Costa Rica,3
Norwegen,3
Senegal,3
Zypern,3
Luxemburg,3
Bulgarien,3
Georgien,3
Kuwait,2
Ungarn,2
Estland,2
Ghana,2
Panama,2
Niederlande,2
Republik Korea,2
Chile,2
Südafrika,2
Libanon,2
Mauritius,2
Singapur,2
Ecuador,2
Tschechische Republik,2
Indonesien,2
Tunesien,2
Polen,2
Israel,2
Nigeria,2
Slowakei,2
Katar,2
Bolivien,2
Kenia,2
Peru,2
Bahrain,1
Litauen,1
Hongkong,1
Argentinien,1
Marokko,1
Japan,1
Vereinigte Arabische Emirate,1
Lettland,1
Rumänien,1
Türkei,1
Brasilien,1
Uruguay,1
Jordanien,1
Algerien,1
Russische Föderation,1
Ukraine,1
Pakistan,1
Thailand,1
Indien,1
Ägypten,1


Top-Städte für: myspace
Stadt,myspace
Los Angeles (Vereinigte Staaten),100
Irvine (Vereinigte Staaten),94
Tampa (Vereinigte Staaten),90
Orlando (Vereinigte Staaten),87
Las Vegas (Vereinigte Staaten),87
Richardson (Vereinigte Staaten),85
San Antonio (Vereinigte Staaten),77
San Diego (Vereinigte Staaten),75
Houston (Vereinigte Staaten),72
Phoenix (Vereinigte Staaten),71
Atlanta (Vereinigte Staaten),68
Miami (Vereinigte Staaten),66
Portland (Vereinigte Staaten),66
Dallas (Vereinigte Staaten),64
Reston (Vereinigte Staaten),63



Häufigste Suchanfragen für myspace
myspace layouts,100
layouts,100
facebook,40
myspace comments,30
youtube,25
my,25
myspace layout,25
myspace codes,20
myspace music,20
yahoo,20
myspace graphics,15
myspace code,15
myspace backgrounds,15
space,10
hotmail,10
myspace profile,10
layouts for myspace,10
my space,10
myspace comment,10
myspace surveys,10
surveys,10
myspace pictures,10
myspace background,5
hide myspace comments,5
hide myspace friends,5
hide comments,5
myspace quotes,5
quotes,5
myspace.com,5
free myspace layouts,5
myspace login,5
bebo,5
photobucket,5
myspace icons,5
myspace editor,5
codes for myspace,5
yahoo mail,5
default myspace layouts,5
myspace music player,5
myspace hide codes,5
craigslist,5
myspace proxy,5
myspace survey,5
myspace stuff,5
myspace tv,5
hot myspace layouts,5
aol,5
myspace comment box,0
myspace im,0
skinny myspace layouts,0



Zunehmende Suchanfragen für myspace
myspace login,+250 %
myspace mobile,+250 %
facebook,+130 %
craigslist,+110 %
myspace com,+100 %
default myspace layouts,+90 %
yahoo mail,+80 %
youtube,+80 %
myspace .com,+40 %
yahoo,+40 %



